120
19 63 91 30 8 37 85 90 67 35 79 78 85 46 16 85 68 9 35 69
73 91 38 70 60 44 92 75 54 58 83 90 25 98 48 96 29 25 72 74

120

120
71 70 50 79 25
64 20 17 15 7

134

80
11842 8280 19917 16 14172 8755 4361 18602 17065 10302 2941 1931 11656 11383 9051 7836 16781 11385 18988 18827 5408 5760 18454 17939 9239 1407 12751 8790 9664 9815 19964 8386 17684 6711 3224 142 6313 6098 12590 2618 18389 12628 9805 15660 601 6641 17477 1515 13675 17285 5689 11067 12849 6927 9525 17626 6641 10588 5087 8688 16097 14489 11877 12713 4165 396 18851 10598 6886 1983 12642 6911 18707 2111 11596 4609 8410 8404 4073 16809 4687 15756 4632 15712 17278 1530 10594 954 2649 7908 6024 18534 15179 17969 11060 8203 8487 7295 10900 18257 2084 2270 5630 17334 10517 15355 881 767 16005 7792 9429 17395 1945 7760 9032 9109 219 6048 1403 19710 7820 10824 14573 12066 10508 3751 5066 17460 368 13281 6431 18136 15771 5516 16267 8645 18111 3784 17022 13739 4389 16403 9304 8574 4156 18483 18755 6821 3849 5920 871 1238 2656 13805 6057 2871 4478 3397 1228 10801 7647 19788 6721 15460 13884 1715 9081 10261 6906 7673 5025 1869 2492 17841 12081 246 18767 15340 13875 9007 10338 16006 10325 9976 17942 16003 7618 9474 12486 6558 2688 16968 10466 4402 12219 17833 12006 1503 19211 11109 1399 11959 4159 7956 7438 10540 979 381 7455 4747 17843 11373 11710 13292 5246 5386 7891 8309 5318 5271 14647 19238 3391 17938 16449 3269 8919 10427 10819 10988 19541 4146 11371 1302 19248 6323 1619 2755 7934 12618 4076 11080 3105 1980 1751 12332 1917 11544 18288 15737 18780 15903 14451 19883 6892 19645 12526 2758 8387 4659 4594 10348 14754 13452 13851 6477 16181 9950 15685 9337 589 16437 5772 5693 11506 6741 14367 19235 5096 2942 9219 15316 8480 19005 13054 18438 255 12856 6272 887 14472 13609 19136 12423 4926 15523 10023 13197 13648 12044 15332 10408 11158 11308 10722 5923 19678 751 12007 15762 8934 8582 17362 16725 5364 19858 15942 7039 426 12689 7228 4602 18312 6866 4326 16251 16462 6034 6303 9604 4004 12036 3672 13636 9560 11082 11933 5755 19498 7668 12707 17110 18814 2897 5304 18834 18323 16415 4677 5807 12554 5887 17816 4263 2244 1733 8357 15086 19298 13998 17838 5880 6621 1848 9266 1418 12529 1712 9845 10157 5169 3642 4320 2961 6782 5626 19469 684 1298 4419 9246 13577 10154 17215 16660 16667 3860 12752 19953 16424 18152 7044 195 16779 5118 13295 13665 8549 647 17131 8352 13177 19259 7647 19204 18574 8224 3688 11854 15186 2209 16970 15604 11880 6695 3011 3144 6530 13477 19127 10504 3111 13484 18862 3933 13457 7457 2171 13399 8907 1593 10001 11674 5860 14481 12210 9081 14118 18153 1699 4759 14518 15321 7043 4657 10002 4572 16886 6149 7029 6234 18232 5623 13299 3705 1929 11047 9291 997 15799 10363 7772 6880 6132 12173 2830 6284 18061 9047 6490 1782 17374 6309 1204 18468 12047 1587 8025 18111 10445 11183 9276 920 9899 7179 1214 16305 1974 15544 9380 186 2552 1052 4157 8800 8569 6211 11588 6457 4612 17548 12694 12489 14924 19309 19363 16306 10354 3013 6973 9739 7538 17076 18509 19183 16253 12863 18019 3916 3654 13180 964 14739 4233 2451 1226 9913 10243 13362 12176 1120 17975 18305 7394 13822 19696 7638 15238 3466 9830 17909 10525 1484 1071 13033 15363 6690 5066 17168 2307 15018 6074 14760 16612 10772 18482 16366 14226 3340 18840 12999 14097 5936 19770 17608 197 12549 16046 16343 13712 9140 9312 9186 13772 18343 3990 4317 18061 19904 4129 1905 4002 3075 5146 2897 3933 2824 3703 1837 14952 17771 1587 17985 9753 15544 2993 9359 11727 12247 12433 13041 18024 1348 9430 14557 8888 12937 14369 7567 16116 7519 14646 5825 12528 15746 2291 14558 16437 13075 15396 10298 14197 15372 15286 2060 4160 9717 11384 17104 5790 8946 11714 5606 13674 15665 5665 2000 284 15331 840 3369 15097 18934 4126 11560 1957 10647 3218 744 4096 13624 15967 4474 17878 5081 3911 18482 17452 16669 3082 17512 7202 18493 9139 13294 16697 17597 6981 2268 14909 14612 5376 25 7676 10692 19856 486 6724 10814 11965 1222 8076 4024 18071 14681 6517 5641 6722 5620 15320 4420 19175 12619 5237 13506 4383 2324 14756 4432 19791 8592 8780 15477 10854 8673 14991 11317 5695 17912 19291 18942 10139 8516 15273 2137 7174 22 3053 8329 19522 17002 10933 16760 13142 188 281 4331 17583 13533 18421 10645 17450 2487 10977 15739 12922 8348 7258 15705 9839 9557 8339 18515 3728 8224 19969 11635 18970 41 12045 17471 6104 12609 5040 9479 8330 12318 705 628 5658 7923 2708 9956 12569 16987 6131 6890 9728 14944 7476 7028 18591 5149 1727 17091 11293 14425 16279 18742 6702 13968 13866 8475 269 13594 18766 11892 1122 3618 17927 16246 11365 12751 9140 8885 17780 19225 9343 2348 11021 7201 7917 10356 6899 8864 6094 8714 9100 4254 7652 741 18717 2259 11923 11227 18118 14836 14065 16519 15382 7166 7206 10884 2501 15347 15624 7542 10227 8296 15904 11805 17968 18432 15538 387 5833 565 4019 7951 1300 7876 7241 19889 18253 13753 7915 10311 2896 9837 14096 1978 419 1032 17014 14961 3809 7191 2726 12678 2749 7311 13330 4258 12042 18903 5341 17540 7010 17129 3364 6215 18283 6676 7445 8553 10164 17803 8999 4464 9006 8640 12409 8876 7022 5868 4151 8260 15711 13362 8722 7474 15497 3948 8540 9741 7770 4419 10894 912 7588 4225 12824 4497 17760 3764 3183 7532 15095 16967 11853 12615 8668 13659 17407 9888 18611 17229 15480 14369 6169 8825 19808 16780 11499 6126 10473 16302 13127 13835 3869 12224 11171 18255 15470 2555 3884 13809 16500 4928 10910 1953 18184 18347 10502 14180 3533 15400 18673 5624 11822 14853 18283 15596 12273 10942 18221 18616 9850 16568 12167 11415 6389 10951 8209 5726 2419 8612 13477 10838 13379 16365 6695 12604 18106 12267 8256 2158 2322 11122 2331 18029 15476 18128 9384 16104 11890 1472 16329 15433 644 4641 15990 12402 18688 12171 13580 16585 2364 14280 16146 10041 7455 18100 8481 19052 1720 13375 2186 14868 15099 15856 6803 9705 3171 1484 14824 15834 13825 1671 1960 643 6144 9239 8054 17271 3430 19420 14372 5741 17156 4702 14445 16315 3147 19255 8895 12833 18510 9837 8831 1723 18749 169 15407 1186 16018 7315 12922 12023 1326 3600 14199 17908 13498 15036 19085 3502 2248 1387 12657 10725 9259 2242 8743 12008 6568 11807 7115 7449 16617 6053 12975 19527 2314 17922 16196 12880 17798 14859 17008 9554 17722 2521 8691 5877 13222 8032 4083 16559 10639 12329 11534 12203 8896 17304 17878 1083 16920 3578 7512 7605 17263 5397 693 18084 13538 10370 11238 12879 1968 7007 8717 16473 4466 1805 5412 2700 10158 11045 6324 12907 12508 7417 1092 5201 17600 15568 2115 11665 14616 13659 14217 8043 9375 12757 18093 4751 2431 19955 10493 16991 827 8824 6215 17427 5431 7510 3391 12380 14250 12527 12917 3552 18582 2690 6184 10316 13169 17775 11730 14982 13414 13278 19068 14920 5299 18934 13272 5490 5948 16054 3165 5080 17976 7672 3977 5828 516 8949 17564 10582 5709 19717 315 11837 5950 2824 18768 11315 13708 8289 16995 14217 9220 4992 13244 12239 5149 5322 6402 13854 4021 17746 18970 4599 2816 6846 18097 5947 5158 17491 5537 2891 12324 6231 13426 10288 16156 11180 14918 2719 15055 12430 14411 342 6185 16438 9002 12990 8749 3592 513 4452 2363 1183 13282 1083 12675 548 18212 627 14058 7117 1834 17146 14641 586 4048 19747 11917 1452 18089 6949 7139 16408 9803 19731 5306 17666 10655 3897 11697 18856 1953 10359 7068 11721 11949 19858 2244 19822 17429 12158 17038 19628 18478 14641 488 1534 19956 1063 7187 4357 14052 6764 19679 8539 2357 3835 4979 5846 17144 10096 11435 3518 1473 18920 14239 8539 8109 13785 12283 5343 12317 15475 15631 1376 15725 17154 13923 7229 16240 19937 465 1012 8875 13342 4037 14845 14681 11742 18582 6693 17624 17999 19733 12628 5333 4303 17011 9142 4835 9048 17404 11382 18417 1675 17514 5203 768 582 6943 1040 3868 978 12767 5785 14203 2017 766 10106 11325 11367 4214 7363 10989 6923 4527 19146 15640 11405 4290 15224 10738 5200 8249 6440 1544 17557 4023 5192 16504 17075 5421 16426 14763 16439 11432 14902 12443 5346 17323 11981 10720 16018 13697 19363 6875 14659 15969 8389 14826 9533 11058 4825 17745 597 9527 18166 2918 16642 9917 9293 16308 19631 14816 16418 9078 19490 10146 10840 17442 2671 10607 16791 14927 13714 7703 13129 16421 13375 12215 8325 5293 17336 6239 19169 12768 15361 12971 6532 11972 3086 2550 10591 16937 14262 12699 14341 9572 18722 16883 16985 15400 4465 6729 10946 5387 9843 10538 10593 523 17647 11572 4801 12776 2890 11800 3166 4823 5608 4168 1921 18699 14579 9150 16017 17996 2979 4328 9458 16979 2019 14574 17007 13707 1578 1141 19153 13306 14718 11607 8108 1192 13423 14806 1744 12091 1961 12937 3619 3928 19734 17496 6400 2891 2638 11104 14136 12246 1745 9019 8258 10173 5776 6126 15829 15755 18147 1630 12218 19204 1958 8764 7865 5477 1594 8662 10448 5352 16274 2310 17840 12016 12204 1103 3493 11793 10761 14157 10260 3968 4785 8757 8893 3033 11216 8357 1811 12777 14947 6004 5023 5192 2782 1532 7328 10285 7567 15450 19292 4492 19854 7982 11934 2626 16488 4761 342 1753 4519 18454 5180 14295 18545 6194 8577 4146 18733 3772 3094 19308 331 16792 12374 5202 10055 6173 11831 1931 8101 18172 13834 17313 19902 13969 9 15569 1273 17130 19056 7903 9628 5607 10755 3981 10061 13368 14642 16299 8581 8328 8725 5372 7254 9476 12345 19077 9448 17791 13835 9911 13938 15297 7390 11778 3070 15409 5749 478 18416 9167 927 8852 5835 6632 4885 2929 14351 8012 3342 9456 17286 12771 2950 5038 7485 8951 3287 3872 1759 10542 17409 14093 2534 2740 16564 17625 4469 9202 7637 12748 7597 5466 1945 3126 6731 19847 6980 8105 17515 2122 8146 7477 19533 2983 4944 14740 5945 15194 4896 1748 13744 18 11472 847 19797 9138 9319 11772 14938 6750 16952 7531 894 1252 8962 1804 6232 4885 16159 10078 9661 7805 14402 1817 10510 11870 14972 19924 13526 7154 6686 6532 352 12695 6037 2354 7752 12771 10244 14434 14318 2686 2437 11896 17961 12093 19847 7156 14672 17465 14426 13228 11292 15388 12207 18529 11969 14503 12985 16843 7472 10495 17031 8920 16328 18933 2074 15911 3338 4171 5292 1391 6147 2120 11249 2070 19839 9955 12938 16923 8978 2163 6590 337 3420 155 13408 5558 15591 15288 5921 16972 18364 2933 9057 1725 10732 14283 18111 17047 18129 2727 8864 2860 13851 9524 10298 16687 5057 2040 8111 14318 10287 16536 13081 3655 195 11201 10615 5156 8886 17742 18357 4638 19160 650 12054 6255 5476 16945 6646 3035 13230 9475 17308 16823 5491 9512 15891 13515 4233 15063 15779 11922 16473 4935 4542 13262 17607 19164 11988 1362 5117 13883 6708 14674 14450 12137 13540 6722 14692 2522 14984 11288 7060 11565 2610 2616 16202 6449 5931 5691 5625 7921 912 4558 17689 6316 18543 16965 9719 5660 3720 12655 6422 13486 14100 14658 2875 3278 17600 1929 13867 6384 7616 18136 16213 10142 12667 14635 7895 7325 13900 10950 1133 9978 15719 7729 10087 10200 1194 8924 11242 18734 8998 18364 15530 1566 542 19635 8794 380 15940 43 8027 12699 8388 16833 98 17996 4322 16960 11197 12463 14523 16065 6431 17892 6598 4332 14476 3677 11129 11305 11429 13787 7127 16474 17937 1163 3278 16002 13227 12073 4110 5914 11192 7685 17501 16095 18535 5221 13685 5793 19608 3404 14215 6476 12165 11135 6874 9928 9461 7788 4724 11929 6470 17170 16172 6667 11345 2907 17792 13275 17120 9363 6029 11162 13020 8526 16220 6994 9047 11534 10154 6996 19790 11092 10345 6049 7745 1700 18254 1908 4979 333 18042 6538 4383 2679 12610 6076 19803 6052 8091 5335 2908 17643 13783 15050 5249 2581 16925 17233 19956 8839 3363 5513
17429 8571 7148 2475 3005 10243 11811 12056 17213 10170 1561 12400 14260 19736 16740 6917 18101 7391 4848 13285 14127 1754 14536 5503 18856 3970 17457 17840 13044 8479 17769 6449 5462 18794 10991 15795 17898 14549 14178 17557 15733 1510 15381 18091 6988 8014 9404 12978 5082 14980 14822 16262 7668 14800 15874 15887 7610 12812 18222 18886 3686 972 9559 2871 5436 17673 6690 15763 12354 4575 1051 3073 3154 5658 10217 16038 10067 11445 16991 16166 4032 11129 7412 18365 2740 14009 17959 18715 18706 12801 5674 18232 8365 12931 10000 628 1281 11459 17568 4016 3634 6492 13976 8153 3263 309 221 4837 13696 12367 16777 3376 2247 9054 7609 1518 17883 6394 2239 2873 2055 2467 15043 15771 17602 9121 6516 19440 3588 2872 16636 9290 10012 6779 10881 12477 2754 16979 13517 16261 16087 16565 9658 13029 14864 421 2743 8630 12476 19489 969 15878 12611 2211 4231 7953 351 4439 13613 15996 3857 14128 3397 4807 6384 8441 16944 7582 3218 3919 1855 6403 15660 17826 19663 13719 13370 16892 18466 14663 9180 19676 15858 16370 12721 5450 11960 12454 6275 8405 18357 5141 5123 1272 19355 12053 8963 12658 18134 17549 647 4326 13208 10133 5120 3688 2429 7177 4962 2133 19555 2366 15596 2370 8302 14230 936 15187 4584 6395 8496 16371 923 19743 18730 6014 6736 15727 7193 5485 9154 13990 3272 10794 9230 13047 14299 4802 10854 6853 14279 3953 371 15572 3376 11725 3899 8358 16300 2905 12601 17976 865 11182 17465 6742 3468 11374 585 19865 12581 19928 6713 10857 19427 3267 1224 16453 7297 14794 3206 17908 14888 1903 3393 2181 9758 2779 17121 7207 7734 14220 14958 10711 17503 416 2176 3315 13400 19163 6458 14672 4546 17761 2769 9255 18668 19215 9191 228 4302 17564 10463 2640 11271 14203 19923 2003 9362 8371 4040 14972 18994 17321 19332 345 18192 14463 14206 19067 3100 19821 12358 12927 4759 12532 12645 3361 6187 7572 2283 18809 15343 1545 18498 2336 11526 4285 15309 14064 10241 5598 17249 7704 2649 4134 5080 11269 11852 14788 2371 1421 7876 11577 5974 4846 18770 7187 19655 18015 8735 7231 3391 18231 215 16877 10752 4766 8899 1414 3558 7721 19103 428 3105 14566 4240 17582 4054 1669 7988 18017 14394 15502 12928 18704 5265 3150 650 15013 17280 8335 6606 10511 8678 1478 15037 16258 2574 5510 13212 18976 1015 3056 17091 15890 9262 1502 10786 11957 7319 306 14311 10842 1366 5003 18476 6208 12303 14868 10004 19452 4313 5206 8419 4573 8578 6269 500 17447 10925 12574 193 15282 11697 12508 5306 5699 4635 10811 10515 12094 18022 4438 14773 7166 902 15878 19918 7102 8284 10038 18537 3895 6296 16712 7989 7228 8148 15747 9640 9554 10483 15986 17999 930 12482 3875 12863 13501 12487 18954 4354 1143 15733 3224 3031 10730 19339 9639 16175 7301 4374 9488 9033 14428 6572 14023 5459 343 11953 9750 7200 7498 8257 18286 2366 14087 7369 9744 2267 18573 19538 15984 10018 1056 16674 19631 4493 19581 15807 11212 11563 17358 9351 3397 4090 5857 15333 5581 17886 14645 7947 12414 12460 5531 18618 974 829 12 3094 14367 4234 9506 19510 14391 17640 12480 4230 7320 1184 82 2465 8206 5041 17734 321 7017 11405 12481 12211 10324 17349 11257 10832 1719 4158 5048 6444 17774 11586 2077 19582 2838 254 16865 5895 14581 19156 18084 10357 13475 12224 4458 3264 3854 9072 19895 14300 8938 18797 3530 15321 17991 17652 4843 1658 10002 2483 7229 11443 11042 6738 5885 12914 8971 4988 10566 2978 1756 1211 4241 6842 2639 6793 701 16231 10971 7899 18285 7167 5347 13588 4586 1562 12154 3144 12761 14237 14179 10001 863 10896 3435 12607 17990 7572 5426 16266 13823 12107 7572 1547 4069 10294 19807 9768 10975 2716 652 8091 15310 17742 6455 2245 12990 12832 7216 18166 1018 9256 19551 17818 6194 199 14556 4328 16949 7422 18281 10086 5970 11089 12789 16702 8664 18412 14271 4111 631 5442 18185 12846 13155 6661 19650 11095 19887 14945 18791 4089 8042 17024 2979 12330 10441 10735 2051 3334 10549 11908 3415 10672 18066 12858 9834 3667 3116 7559 6959 3787 11237 3144 1406 1121 14045 8285 1178 4088 7765 4719 14762 3574 18826 10191 136 14074 14311 12708 17990 19412 15961 10492 16721 410 12275 16351 11147 16374 13155 12166 13285 1496 14376 9969 9964 11351 2311 13459 2181 1247 640 19699 5326 19848 19700 610 12453 3172 7066 3643 3712 8996 711 13752 2747 10979 2654 14902 11581 16103 3300 3473 19392 5711 11536 8133 10182 14925 9866 17192 10989 6649 17456 14452 19568 6763 10122 19648 2342 2475 16148 17041 13483 16544 15578 2477 2420 18982 5680 1765 10261 14832 11357 4880 1580 2945 7951 18112 5007 4221 2616 18749 1009 2 8545 15571 3675 4763 9505 7398 14529 13092 16634 10569 12437 16665 18890 19518 6353 14509 12633 5543 4561 7239 33 13472 1150 19959 8820 7160 18491 5326 702 15835 19807 7425 325 8997 18651 10952 1185 2719 14772 1990 2405 11109 8851 17829 16578 4195 14483 16346 15815 27 19356 18229 12167 1679 17899 15908 15729 11052 14644 17026 10591 8048 11124 2872 2865 772 13632 12876 1810 13528 18651 16249 16284 966 17353 16894 14904 6524 19772 5751 1559 12570 7114 9061 19432 1285 15688 14499 2946 12542 12626 2067 12767 4779 15088 19112 370 3208 5975 16246 15587 8976 1591 8831 7629 7654 16216 13304 12234 13048 17427 9622 7513 19645 3839 19486 7816 2165 1638 19462 3706 4339 11922 18647 692 4919 5599 8322 8644 6602 15838 813 16740 13776 10337 7881 11352 9391 11080 6385 9728 19350 15719 11379 2758 422 17548 11320 11288 12170 10910 14526 11713 19078 9940 4226 15788 4537 16901 13543 4905 9883 5520 9197 7011 5235 16194 15488 1716 18418 2733 6523 2225 15533 10145 1992 19507 10054 12211 18935 1420 17693 4014 13010 4278 9524 5107 5957 16920 15377 11157 14000 11291 18468 8847 8566 7550 17746 1648 14821 15399 7062 2659 1253 19264 3962 4244 15063 6924 19122 9421 7364 18198 6995 8784 6061 8504 14962 3737 8073 7517 3375 19621 7641 8090 79 3884 3335 17426 12435 7485 3101 4933 19787 18187 16656 13775 19765 13222 6662 15058 14210 13672 10484 8600 11141 7505 61 12210 16571 17262 5668 14975 155 6797 14081 16756 17854 11841 1571 14386 2664 4135 19846 18368 1571 19440 14105 7377 21 470 1270 11201 9069 16585 3242 9500 6711 16220 11705 4656 19794 1861 11753 10208 13083 19278 4446 7502 5456 8513 4537 4416 2926 1662 18330 2778 13871 4582 1702 17027 228 10757 15433 3428 19000 6138 2698 4464 7521 11637 10885 6714 13632 15936 18301 16236 4746 4318 11865 10625 18519 1921 5186 2901 667 11944 8634 1614 16779 17848 18576 12072 11953 6620 11439 14569 18835 3731 16320 11549 9299 8700 9146 12373 12938 19397 4902 10191 19132 3625 17377 18612 17664 18855 18247 7074 9849 16948 6042 16271 6905 17869 12342 1194 18193 17621 19882 5371 13967 6504 8206 18489 17197 4909 12148 3127 810 4474 14994 17523 16500 9084 4263 3382 5209 5167 8573 12304 10837 10956 19237 15895 2999 18631 7416 7038 15699 11923 12115 18689 1378 6798 14498 5764 1927 13157 4420 5653 10495 4717 13210 263 3883 18604 13357 1154 14688 5266 18338 74 1319 2693 6698 14975 9604 7784 13218 15602 3450 18681 3304 6778 11023 8376 13811 7094 3461 6341 7734 2244 6336 2731 2855 9543 3589 13820 8480 10026 18357 13241 15875 16528 12830 1036 14138 17280 5467 10575 18031 9148 6499 6252 10985 14011 10659 13610 14664 6033 5265 13038 15635 14256 15542 7580 12638 14194 18068 8393 2062 12868 6190 10429 11159 8543 8962 15781 7851 19852 10932 15052 674 13820 9076 9802 17566 13344 18517 6003 7861 7329 8107 17529 8971 9239 3741 8135 11664 19353 744 14927 12531 18013 3455 19629 17665 10309 17606 8851 3161 2021 18080 8374 7892 17348 19055 3072 16144 11215 6512 4954 3888 18457 22 3326 19069 6794 277 1918 15322 15987 6017 5644 12083 5085 6874 15766 13313 18999 8598 3888 4608 16642 12804 18388 18392 12467 89 3282 12320 17327 3814 12029 15963 286 2538 6703 92 8993 8159 14924 9464 7642 19079 11686 19651 5516 10421 6752 6627 270 15225 12133 17825 14707 6299 12613 8373 5662 15270 4390 11929 16305 2953 18535 17551 10186 660 12894 6891 4560 16320 17057 2198 15267 13665 3087 7261 10051 315 4878 19149 8085 13740 4774 19289 2174 17963 1997 14199 10224 19157 12346 10923 13273 19125 15552 13764 3835 18690 16 2581 10269 12772 11778 1571 5718 10425 6661 7389 1078 13334 1093 18531 16038 17561 12741 5631 3940 5463 10357 4661 16818 3158 15264 8246 16324 7573 765 3045 15469 13578 12037 10432 17388 9490 10101 17935 15166 799 18020 5183 14905 14900 1287 2313 6400 4979 18289 433 8831 7938 3050 15377 15803 6031 6190 4521 5802 9554 6717 15791 6442 2917 16823 14372 4400 18313 17648 9510 8380 13862 19815 2790 16526 18861 5366 1224 16849 4163 7782 1870 16709 11395 6565 9827 19721 4543 15847 6576 13496 6264 3184 2445 17643 7073 15373 18211 11230 13461 7855 1671 11590 2275 18936 9753 13700 2079 11805 6227 15500 8722 10153 16408 2470 18723 3164 1902 16893 239 17249 19413 3999 5758 3595 17773 9495 19296 19334 7218 6377 16551 259 19090 5464 19971 17367 9262 19088 15674 393 10187 9291 9596 8384 10772 6447 2879 15945 3262 14291 1667 1479 19880 15070 7850 17845 7790 16385 16914 10586 8166 6055 12005 7716 9384 15124 9915 4213 10234 6529 7980 2563 1716 12194 6338 10931 16268 950 5019 15755 8310 18571 11237 10150 8312 598 6499 18737 14332 11104 12776 16183 2466 1493 19269 12919 6067 12234 9005 6516 16380 13653 14670 16815 6831 6279 7873 9526 413 18123 5743 16776 14301 7931 4945 13884 19466 6316 11370 13836 14358 10728 3842 9029 3530 14379 6766 10701 10679 11146 13577 16196 13315 13436 9968 8047 18325 16444 3495 10320 2435 12434 4588 16476 2689 9538 10700 19920 13691 18413 1426 6715 10836 6013 11018 18551 11155 9956 19468 7103 8343 17959 3608 19973 10546 92 3131 9390 8240 17532 13693 9781 2779 3312 9250 11990 2438 19949 7654 18462 2567 11010 3734 19356 1423 2526 13590 7025 15165 17515 16901 4892 1741 11134 6391 8223 16024 16624 7511 8589 4911 19948 15033 5001 14053 13224 16023 9255 2587 768 18784 14152 12448 9797 6072 10954 2618 7748 1751 9944 3982 19479 13856 1162 16720 11432 17167 5958 8339 5477 12635 10582 4453 18538 2195 13087 11306 5190 7434 15932 14253 14193 446 12138 15144 17192 8124 4610 16540 9878 15760 12829 2036 3536 1928 9007 9261 1825 19815 11227 61 2303 2054 10000 5469 16560 19907 3381 15983 2786 18440 14563 7433 2065 18825 3744 12665 19517 11778 9614 16858 15562 12773 10123 8126 12794 10865 17313 13279 1185 3166 6033 13783 158 13864 10016 15733 13595 14976 16664 3902 10825 5333 11485 15727 16063 7372 3616 13461 8501 15848 10918 1058 3290 7109 8006 8048 19526 11409 6744 18557 9037 10036 10247 9520 595 11517 16082 5435 6494 19237 4135 10710 5545 4810 9133 14745 6125 17241 19278 6845 1381 13569 4522 9803 11334 6384 14683 12625 9480 9432 12908 14525 7401 14983 7018 3553 2881 9103 14936 2614 430 1932 2252 16917 3370 13770 5442 6527 4086 13458 12729 13600 14092 10883 6000 6893 17074 10115 16205 332 1255 16738 5003 17835 18773 6451 1078 1594 11118 19643 5104 3047 14802 9376 3275 16454 9195 4059 4071 19455 6931 9900 10895 19735 11362 854 5844 9701 11225 4595 12531 13525 7609 13386 11986 16630 15406 10721 6845 2269 8195 15162 9663 16045 7919 8888 15968 2282 9278 6384 19335 836 8872 5095 13555 4758 15871 14154 13082 11186 18072 4519 5129 499 1794 5167 10301 9504 18691 19091 3332 10367 14863 2771 2894 15012 3182 13526 836 19053 18677 9352 4674

#dontcare
