3 8
3 30
4 50
5 60

90

5 5
1 1000000000
1 1000000000
1 1000000000
1 1000000000
1 1000000000

5000000000

6 15
6 5
5 6
6 4
6 6
3 5
7 2

17

100 100000
6 5
5 6
6 4
6 6
3 5
7 2
3 8
3 30
4 50
5 60
6 5
5 6
6 4
6 6
3 5
7 2
3 8
3 30
4 50
5 60
6 5
5 6
6 4
6 6
3 5
7 2
3 8
3 30
4 50
5 60
6 5
5 6
6 4
6 6
3 5
7 2
3 8
3 30
4 50
5 60
6 5
5 6
6 4
6 6
3 5
7 2
3 8
3 30
4 50
5 60
6 5
5 6
6 4
6 6
3 5
7 2
3 8
3 30
4 50
5 60
6 5
5 6
6 4
6 6
3 5
7 2
3 8
3 30
4 50
5 60
6 5
5 6
6 4
6 6
3 5
7 2
3 8
3 30
4 50
5 60
6 5
5 6
6 4
6 6
3 5
7 2
3 8
3 30
4 50
5 60
6 5
5 6
6 4
6 6
3 5
7 2
3 8
3 30
4 50
5 60

#NOCARE

6 15
2 3
1 2
3 6
2 1
1 3
5 85

100
