3 4 2
1 7 7 9
9 6 3 7
7 8 6 4

10

3 3 1000000000
1000000 1000000 1
1000000 1000000 1000000
1 1000000 1000000

1001000001

3 4 2
9 7 7 1
7 3 6 9
4 6 8 7

10

3 3 1000000000
1 1000000 1000000
1000000 1000000 1000000
1000000 1000000 1

1001000001


3 4 2
4 6 8 7
7 3 6 9
9 7 7 1

10

5 4 1
5 5 5 5
5 1 5 5
5 5 1 5
5 5 5 5
5 5 5 5

4

5 4 1
1 5 5 5
5 5 5 5
5 5 5 5
5 5 5 5
5 5 5 1

7

5 4 0
5 5 5 1
5 5 5 5
5 5 5 5
5 5 5 5
1 5 5 5

2

3 3 0
1 1000000 1000000
1000000 1000000 1000000
1000000 1000000 1

2

5 4 1
1 5 5 1
5 5 5 5
5 5 5 5
5 5 5 5
1 5 5 5

5

5 4 1
1 5 5 1
5 5 1 5
5 5 5 5
5 5 5 5
1 5 5 5

4
