6 9 0
0 1 3
0 2 5
1 2 4
1 3 12
2 3 9
2 4 4
4 3 7
4 5 8
3 5 2

0 3 5 14 9 16

50 150 0
0 42 7
0 14 18
0 33 3
1 46 13
2 41 10
2 18 16
3 14 3
3 49 12
3 21 2
4 6 9
4 45 9
4 28 9
5 41 16
5 32 2
6 35 13
6 43 16
6 20 16
6 41 16
6 26 20
7 46 16
7 40 1
8 13 20
8 33 20
8 30 6
8 34 20
8 36 13
9 5 6
9 32 3
9 38 1
9 34 3
10 14 12
10 32 13
10 31 2
10 4 15
11 5 12
11 26 11
11 23 9
12 4 20
12 43 4
12 41 18
13 0 11
13 19 18
13 12 16
13 17 19
13 38 10
14 13 13
15 3 8
15 36 3
15 17 13
15 24 2
16 23 13
17 13 10
17 25 10
17 39 3
17 30 16
17 41 19
17 5 12
18 30 10
18 35 1
19 35 1
20 16 1
21 29 19
22 23 11
23 2 12
23 38 9
23 42 5
23 4 4
24 12 1
25 46 7
25 42 6
25 11 16
25 12 5
25 31 15
25 23 8
26 31 20
26 6 3
26 23 1
26 25 2
26 24 6
26 2 15
27 5 5
27 36 15
27 7 3
27 9 8
28 31 4
28 29 17
28 36 14
29 14 19
29 31 1
29 24 4
29 47 11
30 36 16
30 17 5
31 41 3
31 7 2
32 21 4
32 3 12
32 37 14
33 46 6
33 27 12
33 3 18
33 36 11
33 47 8
34 19 9
34 13 11
34 30 12
34 12 20
34 41 18
34 32 1
34 8 20
35 5 17
35 43 4
35 0 14
36 12 14
36 16 7
36 41 8
36 42 15
38 40 7
38 10 1
38 1 5
39 25 19
39 34 13
39 9 10
39 22 6
40 7 13
41 23 9
42 47 11
42 27 17
42 23 10
43 34 18
43 42 20
43 26 17
43 20 12
43 5 3
44 41 13
44 38 18
44 46 12
45 6 4
45 25 9
45 22 17
47 11 20
47 28 1
47 21 3
47 19 2
48 47 11
48 1 19
48 4 20
48 24 19
49 29 13
49 9 3

#dontcare
