3 8
3 30
4 50
5 60

90

1 1000000000
1000000000 10

10

6 15
6 5
5 6
6 4
6 6
3 5
7 2

17

100 1000000000
1 1000
1 1000
1 1000
1 1000
1 1000
1 1000
1 1000
1 1000
1 1000
1 1000
1 1000
1 1000
1 1000
1 1000
1 1000
1 1000
1 1000
1 1000
1 1000
1 1000
1 1000
1 1000
1 1000
1 1000
1 1000
1 1000
1 1000
1 1000
1 1000
1 1000
1 1000
1 1000
1 1000
1 1000
1 1000
1 1000
1 1000
1 1000
1 1000
1 1000
1 1000
1 1000
1 1000
1 1000
1 1000
1 1000
1 1000
1 1000
1 1000
1 1000
1 1000
1 1000
1 1000
1 1000
1 1000
1 1000
1 1000
1 1000
1 1000
1 1000
1 1000
1 1000
1 1000
1 1000
1 1000
1 1000
1 1000
1 1000
1 1000
1 1000
1 1000
1 1000
1 1000
1 1000
1 1000
1 1000
1 1000
1 1000
1 1000
1 1000
1 1000
1 1000
1 1000
1 1000
1 1000
1 1000
1 1000
1 1000
1 1000
1 1000
1 1000
1 1000
1 1000
1 1000
1 1000
1 1000
1 1000
1 1000
1 1000
1 1000

100000
