2

()

3

#blank

4

(())
()()

10

((((()))))
(((()())))
(((())()))
(((()))())
(((())))()
((()(())))
((()()()))
((()())())
((()()))()
((())(()))
((())()())
((())())()
((()))(())
((()))()()
(()((())))
(()(()()))
(()(())())
(()(()))()
(()()(()))
(()()()())
(()()())()
(()())(())
(()())()()
(())((()))
(())(()())
(())(())()
(())()(())
(())()()()
()(((())))
()((()()))
()((())())
()((()))()
()(()(()))
()(()()())
()(()())()
()(())(())
()(())()()
()()((()))
()()(()())
()()(())()
()()()(())
()()()()()

20

#dontcare
